93 4
0 0 0 0 1 0 0 0 1
0 1 0 0 1 0 5 0 1
0 1 0 0 1 0 1 1 0
0 0 0 0 1 0 0 2 0

5143 7
0 0 0 0 1 0 0 0 1
0 0 0 0 0 0 0 0 0
0 1 0 0 1 2 0 0 1
0 0 0 0 1 0 0 0 1
0 0 0 0 1 0 0 0 0
0 1 0 0 1 1 0 0 0
0 0 0 0 1 0 0 0 0

4607 4
0 0 0 0 1 0 8 1 1
0 1 0 0 1 4 1 1 1
0 1 0 0 1 4 6 0 1
0 1 0 0 1 9 0 1 0

5913 3
0 0 0 0 1 0 0 0 0
0 1 0 0 1 8 1 0 1
0 1 0 0 1 9 1 0 0

4009 4
1 0 1 0 1 3 4 0 0
0 1 1 0 1 0 0 3 1
1 0 0 0 1 0 4 0 0
0 0 1 0 1 0 1 2 0

5595 5
0 1 0 0 1 0 3 0 1
0 1 0 0 1 0 3 0 1
0 1 0 0 1 0 4 0 0
0 1 0 0 1 0 5 0 0
0 1 0 0 1 0 5 0 1

4198 2
1 1 0 0 1 0 0 2 0
1 1 0 0 1 2 2 1 1

6318 6
0 1 0 0 1 0 1 0 0
0 0 0 0 0 0 0 0 0
0 0 0 0 1 1 0 0 1
0 0 1 0 1 2 3 0 0
0 1 0 0 1 5 0 0 0
0 1 0 0 1 1 1 0 1

2846 4
0 0 0 0 1 0 1 0 0
0 1 0 0 1 0 1 2 1
0 0 0 0 1 0 0 4 0
0 1 0 0 1 0 1 3 1

4845 4
0 1 0 0 1 0 0 1 0
0 1 0 0 1 2 2 0 1
0 1 0 0 1 0 3 0 1
0 1 0 0 1 0 0 4 1

2977 6
0 1 1 0 1 0 1 2 1
1 0 0 0 1 0 0 3 0
1 0 1 0 1 0 2 2 1
1 1 0 0 1 1 2 2 1
0 1 0 0 1 0 1 1 1
0 1 0 0 1 1 0 2 1

3740 5
0 0 0 0 1 0 1 0 1
0 0 0 0 1 3 0 0 0
0 0 0 0 1 0 0 1 0
0 0 0 0 1 0 0 0 0
0 1 0 0 1 0 0 0 0

6047 4
0 1 0 0 1 7 0 0 0
0 1 0 0 1 11 0 0 1
0 1 0 0 1 9 0 0 1
0 1 0 0 1 7 0 0 0

4217 3
0 0 0 0 0 0 0 0 0
0 0 0 0 1 0 0 0 0
0 0 0 0 1 1 0 0 1

3293 7
0 1 0 0 1 0 3 0 0
0 0 1 0 1 0 4 0 0
0 0 0 0 1 0 3 0 1
0 0 1 0 1 0 4 0 0
1 1 0 0 1 0 2 0 1
0 0 1 0 1 0 4 0 0
0 1 0 0 1 0 2 1 1

6217 5
0 0 1 0 1 0 0 3 1
0 0 0 0 1 1 0 1 0
0 0 0 0 1 0 2 3 1
0 0 1 0 1 3 2 1 0
0 0 0 0 1 0 0 4 1

4166 3
0 0 0 0 1 1 0 0 1
0 0 0 0 1 0 0 0 0
0 1 0 0 1 0 1 0 0

4536 5
0 1 0 0 1 1 4 0 0
0 1 0 0 1 5 0 0 1
0 0 0 0 1 0 1 0 0
0 0 0 0 1 0 1 0 0
0 1 0 0 1 3 1 0 1

3840 3
0 1 0 0 1 0 2 0 0
0 1 0 0 1 0 5 0 1
0 1 0 0 1 0 1 2 1

5348 6
1 0 1 0 1 1 3 0 1
1 0 1 0 1 4 0 0 0
0 1 0 0 1 0 3 0 0
0 0 0 0 1 2 0 0 1
1 0 0 0 1 1 5 0 0
0 1 0 0 1 0 2 0 1

4215 6
0 0 0 0 1 0 3 0 0
0 1 0 0 1 0 0 0 0
0 0 0 0 1 3 3 0 1
0 1 0 0 1 5 5 0 0
0 1 0 0 1 1 0 0 0
0 1 0 0 1 0 1 0 0

2538 5
0 0 0 0 1 3 0 0 0
0 0 1 0 1 0 5 0 1
0 1 0 0 1 2 0 0 0
0 0 0 0 1 3 1 0 1
0 0 0 0 1 0 5 0 1

6146 6
0 1 0 0 1 4 1 0 0
0 0 0 0 1 6 0 0 0
0 0 1 0 1 4 1 0 1
0 0 1 0 1 0 4 0 0
0 0 1 0 1 0 4 0 1
0 0 1 0 1 0 5 0 0

6720 5
0 1 0 0 1 0 0 0 0
0 1 0 0 1 4 0 0 1
0 1 0 0 1 5 0 0 1
0 0 0 0 1 0 0 0 1
0 0 0 0 1 1 0 0 1

4397 3
0 0 0 0 1 0 0 0 0
0 1 0 0 1 6 1 0 1
0 1 0 0 1 0 1 0 0

4778 5
0 1 0 0 1 0 4 0 1
0 0 0 0 1 3 0 0 0
0 1 0 0 1 0 1 0 0
0 0 0 0 1 0 0 2 0
0 1 0 0 1 2 2 1 0

4011 3
1 0 0 0 1 0 0 2 1
0 1 0 0 1 0 3 0 1
1 0 0 0 1 0 0 4 0

7028 5
0 1 0 0 1 10 0 0 1
0 1 0 0 1 7 1 0 1
1 1 0 0 1 0 2 0 0
1 0 0 0 1 0 3 0 1
0 0 0 0 1 6 0 0 0

3276 4
0 0 1 0 1 9 2 0 0
1 0 1 0 1 6 1 1 1
0 1 0 0 1 5 0 0 0
0 0 1 0 1 6 2 0 1

4741 4
0 1 0 0 1 0 0 1 0
0 0 0 0 1 0 0 3 0
0 0 1 0 1 0 2 1 0
0 1 0 0 1 0 0 2 0

2511 4
0 1 0 0 1 0 0 0 1
0 1 0 0 1 1 0 0 0
0 0 0 0 1 2 3 0 0
0 1 0 0 1 0 0 1 1

2052 4
1 0 1 0 1 0 2 2 1
0 0 1 0 1 1 0 2 1
0 0 1 0 1 0 0 3 0
0 0 1 0 1 0 1 2 1

5299 4
0 1 0 0 1 3 0 0 1
1 1 0 0 1 0 2 0 0
0 1 0 0 1 3 0 0 0
1 1 0 0 1 3 1 0 1

3055 3
0 0 0 0 1 2 0 0 0
0 1 0 0 1 0 0 1 0
0 1 0 0 1 2 0 2 1

3042 9
0 1 0 0 1 0 2 2 0
1 1 0 0 1 5 0 1 0
0 0 1 0 1 0 0 1 0
0 1 0 0 1 1 2 1 1
1 0 1 0 1 0 4 0 1
1 1 0 0 1 0 4 0 0
0 0 0 0 1 0 2 0 0
0 0 1 0 1 0 0 0 0
0 0 0 0 1 2 2 0 0

5464 3
1 1 0 0 1 1 2 3 1
1 0 0 0 1 0 3 0 1
0 1 0 0 1 0 0 1 0

1816 4
1 1 0 0 1 0 0 1 0
0 1 0 0 1 3 0 0 0
1 1 0 0 1 0 0 3 1
1 1 0 0 1 1 3 1 1

4480 4
0 0 0 0 1 0 0 0 0
0 1 0 0 1 0 4 0 0
0 1 0 0 1 7 0 0 0
0 0 0 0 1 1 0 0 0

5542 4
0 0 0 0 1 3 3 0 0
0 1 0 0 1 0 4 0 1
0 0 0 0 1 4 0 0 1
1 0 0 0 1 0 3 0 0

3100 4
0 1 0 0 1 1 2 0 1
0 0 0 0 1 6 1 0 1
0 1 1 0 1 0 3 0 1
0 0 0 0 1 0 0 0 1

6022 5
0 1 0 0 1 0 1 0 0
1 1 0 0 1 0 1 3 1
1 0 1 0 1 0 3 0 1
0 1 0 0 1 0 0 2 1
0 1 0 0 1 7 0 0 1

2526 2
0 1 0 0 1 1 2 4 1
1 1 0 0 1 0 3 3 1

5253 4
0 1 0 0 1 0 0 0 0
0 1 0 0 1 0 1 0 1
0 1 0 0 1 0 2 0 0
0 1 0 0 1 0 2 0 0

6160 3
0 1 0 0 1 1 3 0 0
1 1 0 0 1 0 1 2 1
0 0 1 0 1 3 1 0 0

7041 3
0 0 0 0 1 9 0 0 0
0 1 0 0 1 9 0 0 0
0 1 0 0 1 8 0 0 0

5690 6
0 1 0 0 1 6 2 0 1
0 0 1 0 1 9 2 0 1
0 0 1 0 1 2 3 0 0
0 0 1 0 1 6 4 0 0
0 1 0 0 1 0 6 0 0
0 1 0 0 1 0 2 0 1

3294 3
0 1 0 0 1 0 1 0 0
1 1 0 0 1 2 2 0 1
0 1 0 0 1 0 0 1 0

2202 1
0 1 0 0 1 1 2 0 1

2499 4
0 0 0 0 1 1 0 0 0
0 0 0 0 1 3 0 0 0
0 0 0 0 1 0 1 0 1
0 1 0 0 1 1 1 0 0

4230 2
1 1 0 0 1 0 2 0 1
1 0 1 0 1 3 1 0 0

4539 7
0 0 1 0 1 4 4 3 1
1 1 0 0 1 4 1 1 1
0 0 1 0 1 1 3 5 1
0 0 0 1 1 0 2 5 1
1 0 1 0 1 0 3 5 1
1 0 1 0 1 9 1 0 1
0 0 0 0 1 4 0 0 1

4238 2
0 1 0 0 1 5 0 0 0
0 1 0 0 1 2 3 0 1

3122 3
1 0 1 0 1 2 0 0 0
0 1 0 0 1 6 0 0 1
1 0 0 0 1 2 0 0 0

3058 4
0 1 0 0 1 0 0 1 0
0 0 1 0 1 0 1 1 1
0 1 0 0 1 4 0 0 1
0 1 0 0 1 2 0 0 0

6628 4
0 1 0 0 1 9 0 0 1
0 1 0 0 1 7 0 0 1
0 1 0 0 1 7 1 0 0
0 1 0 0 1 9 0 0 1

3755 4
0 1 0 0 1 0 0 0 0
0 0 0 0 1 1 6 0 1
0 1 0 0 1 1 2 0 1
0 1 0 0 1 1 1 0 0

3291 3
0 1 0 0 1 2 0 0 0
0 1 0 0 1 0 0 0 0
0 0 0 0 1 1 0 0 0

2175 3
0 0 1 0 1 1 2 3 0
0 1 0 0 1 1 1 4 0
0 0 0 0 1 0 0 1 0

4728 1
0 1 0 0 1 5 0 2 1

2503 3
0 0 1 0 1 4 0 0 1
0 1 0 0 1 2 0 0 0
0 1 0 0 1 3 1 0 0

5964 1
0 1 0 0 1 0 0 2 0

2264 1
0 0 1 0 1 1 0 0 0

3095 1
0 1 0 0 1 0 1 0 0

